/*--------------------------------*- C++ -*----------------------------------*\
  =========                 |
  \\      /  F ield         | OpenFOAM: The Open Source CFD Toolbox
   \\    /   O peration     | Website:  https://openfoam.org
    \\  /    A nd           | Version:  6
     \\/     M anipulation  |
\*---------------------------------------------------------------------------*/
FoamFile
{
    version     2.0;
    format      ascii;
    class       volScalarField;
    location    "1900";
    object      T;
}
// * * * * * * * * * * * * * * * * * * * * * * * * * * * * * * * * * * * * * //

dimensions      [0 0 0 1 0 0 0];

internalField   nonuniform List<scalar> 
459
(
303.384
303.121
303.108
303.104
303.101
303.097
303.092
303.086
303.077
303.066
303.054
303.043
303.037
303.036
303.042
303.129
303.109
303.102
303.104
303.107
303.111
303.115
303.119
303.123
303.127
303.131
303.135
303.139
303.143
303.147
303.151
303.155
303.161
303.18
303.563
303.163
303.14
303.143
303.146
303.147
303.144
303.137
303.12
303.095
303.068
303.044
303.029
303.022
303.021
303.018
303.015
303.132
303.094
303.087
303.089
303.093
303.098
303.1
303.101
303.103
303.104
303.105
303.106
303.107
303.109
303.111
303.115
303.121
303.13
303.163
303.749
303.213
303.176
303.188
303.203
303.214
303.218
303.211
303.184
303.14
303.091
303.051
303.026
303.016
303.016
303.017
303.017
303.084
303.077
303.079
303.087
303.096
303.104
303.104
303.104
303.104
303.104
303.104
303.104
303.104
303.104
303.105
303.108
303.112
303.12
303.156
303.938
303.275
303.213
303.232
303.262
303.291
303.309
303.304
303.261
303.19
303.114
303.056
303.022
303.011
303.012
303.017
303.022
303.032
303.044
303.061
303.079
303.097
303.114
303.127
303.137
303.146
303.154
303.161
303.167
303.172
303.176
303.179
303.179
303.157
303.138
303.129
303.156
304.121
303.353
303.252
303.268
303.311
303.359
303.4
303.394
303.329
303.227
303.125
303.053
303.014
303.003
303.009
303.021
303.034
303.049
303.067
303.088
303.111
303.132
303.151
303.166
303.181
303.192
303.202
303.21
303.216
303.218
303.217
303.214
303.206
303.188
303.163
303.143
303.153
303.229
303.274
303.28
304.287
303.454
303.318
303.31
303.35
303.411
303.474
303.45
303.357
303.233
303.118
303.037
302.997
302.991
303.007
303.031
303.055
303.079
303.104
303.13
303.155
303.178
303.197
303.213
303.226
303.237
303.246
303.252
303.256
303.256
303.251
303.243
303.231
303.212
303.187
303.162
303.157
303.188
303.205
303.24
304.436
303.614
303.471
303.436
303.454
303.511
303.536
303.47
303.338
303.189
303.066
302.99
302.965
302.978
303.013
303.054
303.092
303.126
303.157
303.185
303.209
303.229
303.246
303.26
303.271
303.28
303.286
303.29
303.292
303.289
303.281
303.269
303.254
303.235
303.211
303.186
303.174
303.181
303.191
303.221
304.653
304.038
303.874
303.772
303.724
303.704
303.603
303.426
303.226
303.057
302.95
302.91
302.926
302.976
303.04
303.102
303.153
303.191
303.221
303.244
303.264
303.28
303.293
303.303
303.311
303.316
303.32
303.321
303.32
303.316
303.309
303.297
303.281
303.263
303.246
303.228
303.221
303.231
303.25
303.382
304.964
304.676
304.41
304.18
303.992
303.762
303.427
303.108
302.883
302.774
302.764
302.822
302.919
303.019
303.116
303.188
303.231
303.26
303.281
303.298
303.312
303.323
303.332
303.338
303.343
303.346
303.347
303.346
303.344
303.342
303.34
303.34
303.342
303.348
303.362
303.384
303.415
303.447
303.472
303.534
297.017
299.128
300.235
300.699
301.15
301.598
302.011
302.36
302.641
302.868
303.06
303.167
303.232
303.272
303.298
303.316
303.33
303.342
303.351
303.358
303.363
303.366
303.369
303.371
303.372
303.372
303.373
303.374
303.376
303.378
303.382
303.39
303.402
303.419
303.441
303.463
303.484
303.523
297.452
299.32
300.263
300.971
301.576
302.115
302.52
302.804
303.001
303.135
303.222
303.274
303.308
303.33
303.345
303.357
303.366
303.373
303.378
303.382
303.385
303.387
303.389
303.39
303.391
303.392
303.394
303.395
303.396
303.398
303.402
303.407
303.415
303.426
303.44
303.457
303.476
303.501
299.531
299.461
299.456
301.239
302.105
302.547
302.796
302.973
303.101
303.189
303.252
303.296
303.324
303.343
303.356
303.365
303.371
303.376
303.38
303.383
303.385
303.388
303.39
303.392
303.393
303.395
303.397
303.399
303.4
303.402
303.404
303.406
303.408
303.411
303.416
303.423
303.432
303.438
303.493
303.582
)
;

boundaryField
{
    floor
    {
        type            wallHeatTransfer;
        Tinf            uniform 305.2;
        alphaWall       uniform 0.24;
        value           nonuniform List<scalar> 
29
(
303.264
303.529
303.468
303.433
303.433
303.442
303.456
303.475
303.496
303.516
303.536
303.556
303.575
303.593
303.61
303.627
303.644
303.663
303.677
303.718
303.718
303.619
303.569
303.541
303.264
303.529
303.52
303.34
303.223
)
;
    }
    ceiling
    {
        type            wallHeatTransfer;
        Tinf            uniform 303.2;
        alphaWall       uniform 0.24;
        value           nonuniform List<scalar> 
43
(
299.786
299.709
299.698
301.363
302.179
302.595
302.827
302.991
303.109
303.19
303.247
303.285
303.309
303.325
303.334
303.34
303.345
303.348
303.35
303.352
303.354
303.356
303.358
303.36
303.362
303.364
303.367
303.369
303.371
303.374
303.376
303.379
303.383
303.387
303.392
303.4
303.408
303.411
303.459
303.542
304.882
304.617
297.803
)
;
    }
    sWall
    {
        type            wallHeatTransfer;
        Tinf            uniform 315.2;
        alphaWall       uniform 0.36;
        value           uniform 301.111;
    }
    nWall
    {
        type            wallHeatTransfer;
        Tinf            uniform 307.2;
        alphaWall       uniform 0.36;
        value           nonuniform List<scalar> 6(304.006 303.951 303.875 304.078 304.05 304.119);
    }
    sideWalls
    {
        type            empty;
    }
    glass1
    {
        type            wallHeatTransfer;
        Tinf            uniform 315.2;
        alphaWall       uniform 4.3;
        value           nonuniform List<scalar> 9(311.492 310.856 310.455 310.148 309.892 309.66 309.479 309.545 309.767);
    }
    glass2
    {
        type            wallHeatTransfer;
        Tinf            uniform 307.2;
        alphaWall       uniform 4.3;
        value           nonuniform List<scalar> 2(305.761 305.872);
    }
    sun
    {
        type            wallHeatTransfer;
        Tinf            uniform 305.2;
        alphaWall       uniform 0.24;
        value           nonuniform List<scalar> 
14
(
303.578
303.329
303.314
303.303
303.294
303.284
303.275
303.265
303.254
303.242
303.232
303.227
303.229
303.241
)
;
    }
    heatsource1
    {
        type            fixedGradient;
        gradient        uniform 0;
    }
    heatsource2
    {
        type            fixedGradient;
        gradient        uniform 0;
    }
    Table_master
    {
        type            zeroGradient;
    }
    Table_slave
    {
        type            zeroGradient;
    }
    inlet
    {
        type            fixedValue;
        value           uniform 293.15;
    }
    outlet
    {
        type            zeroGradient;
    }
}


// ************************************************************************* //
