// -*- C++ -*-
// File generated by PyFoam - sorry for the ugliness

FoamFile
{
 version 2.0;
 format ascii;
 class volScalarField;
 location "1300";
 object T;
}

dimensions [ 0 0 0 1 0 0 0 ];

internalField nonuniform List<scalar> 459
(
  303.393
  303.13
  303.117
  303.113
  303.109
  303.105
  303.1
  303.095
  303.086
  303.074
  303.062
  303.051
  303.045
  303.044
  303.051
  303.141
  303.121
  303.113
  303.115
  303.119
  303.123
  303.127
  303.132
  303.136
  303.14
  303.144
  303.148
  303.152
  303.156
  303.16
  303.164
  303.168
  303.174
  303.193
  303.571
  303.171
  303.149
  303.151
  303.154
  303.155
  303.153
  303.145
  303.128
  303.103
  303.076
  303.052
  303.037
  303.03
  303.029
  303.027
  303.025
  303.144
  303.105
  303.098
  303.101
  303.105
  303.11
  303.112
  303.114
  303.116
  303.117
  303.118
  303.12
  303.121
  303.123
  303.125
  303.129
  303.136
  303.145
  303.177
  303.757
  303.222
  303.185
  303.197
  303.211
  303.222
  303.226
  303.219
  303.192
  303.147
  303.098
  303.059
  303.034
  303.024
  303.024
  303.025
  303.026
  303.093
  303.086
  303.09
  303.098
  303.108
  303.117
  303.117
  303.117
  303.117
  303.117
  303.118
  303.118
  303.118
  303.119
  303.12
  303.123
  303.127
  303.135
  303.17
  303.946
  303.284
  303.221
  303.241
  303.271
  303.299
  303.318
  303.312
  303.268
  303.197
  303.121
  303.063
  303.029
  303.018
  303.02
  303.026
  303.031
  303.041
  303.053
  303.071
  303.09
  303.109
  303.127
  303.14
  303.151
  303.16
  303.169
  303.176
  303.182
  303.187
  303.191
  303.193
  303.195
  303.172
  303.153
  303.144
  303.17
  304.129
  303.362
  303.261
  303.277
  303.32
  303.368
  303.409
  303.402
  303.336
  303.233
  303.131
  303.06
  303.021
  303.01
  303.016
  303.029
  303.043
  303.058
  303.077
  303.099
  303.123
  303.145
  303.164
  303.181
  303.195
  303.207
  303.216
  303.224
  303.229
  303.231
  303.231
  303.227
  303.22
  303.203
  303.177
  303.157
  303.167
  303.241
  303.288
  303.294
  304.295
  303.462
  303.327
  303.319
  303.359
  303.421
  303.482
  303.457
  303.363
  303.239
  303.123
  303.043
  303.003
  302.998
  303.015
  303.039
  303.064
  303.089
  303.115
  303.142
  303.168
  303.191
  303.211
  303.227
  303.24
  303.251
  303.259
  303.265
  303.268
  303.268
  303.263
  303.255
  303.243
  303.225
  303.2
  303.175
  303.17
  303.201
  303.219
  303.254
  304.443
  303.623
  303.48
  303.445
  303.464
  303.521
  303.544
  303.476
  303.343
  303.194
  303.071
  302.996
  302.971
  302.985
  303.021
  303.063
  303.102
  303.137
  303.168
  303.197
  303.222
  303.243
  303.26
  303.273
  303.284
  303.292
  303.298
  303.301
  303.301
  303.298
  303.29
  303.278
  303.264
  303.246
  303.223
  303.198
  303.186
  303.194
  303.204
  303.234
  304.661
  304.046
  303.883
  303.781
  303.734
  303.712
  303.608
  303.43
  303.23
  303.061
  302.955
  302.916
  302.933
  302.984
  303.049
  303.112
  303.163
  303.202
  303.232
  303.256
  303.276
  303.292
  303.304
  303.314
  303.321
  303.326
  303.329
  303.329
  303.327
  303.322
  303.315
  303.302
  303.288
  303.272
  303.254
  303.237
  303.23
  303.243
  303.262
  303.389
  304.971
  304.684
  304.418
  304.188
  303.999
  303.765
  303.427
  303.109
  302.885
  302.778
  302.769
  302.83
  302.928
  303.028
  303.126
  303.198
  303.241
  303.27
  303.291
  303.308
  303.322
  303.333
  303.341
  303.347
  303.351
  303.352
  303.353
  303.351
  303.349
  303.346
  303.344
  303.344
  303.346
  303.353
  303.367
  303.39
  303.423
  303.456
  303.478
  303.532
  297.01
  299.113
  300.217
  300.689
  301.147
  301.601
  302.017
  302.369
  302.65
  302.879
  303.07
  303.176
  303.242
  303.282
  303.307
  303.325
  303.339
  303.35
  303.358
  303.365
  303.369
  303.372
  303.374
  303.375
  303.376
  303.377
  303.377
  303.378
  303.38
  303.382
  303.386
  303.395
  303.408
  303.427
  303.451
  303.475
  303.494
  303.515
  297.445
  299.311
  300.257
  300.972
  301.584
  302.128
  302.532
  302.814
  303.011
  303.145
  303.231
  303.283
  303.316
  303.338
  303.353
  303.364
  303.373
  303.379
  303.384
  303.387
  303.39
  303.392
  303.393
  303.394
  303.395
  303.396
  303.397
  303.399
  303.4
  303.402
  303.406
  303.412
  303.421
  303.434
  303.45
  303.469
  303.467
  303.497
  299.536
  299.465
  299.461
  301.249
  302.116
  302.557
  302.806
  302.982
  303.109
  303.198
  303.261
  303.303
  303.332
  303.351
  303.363
  303.372
  303.378
  303.382
  303.386
  303.389
  303.391
  303.393
  303.395
  303.397
  303.398
  303.4
  303.402
  303.403
  303.405
  303.406
  303.408
  303.41
  303.413
  303.416
  303.421
  303.431
  303.441
  303.447
  303.449
  303.488
)
;

boundaryField
{
  floor
  {
    type wallHeatTransfer;
    Tinf uniform 305.2;
    alphaWall uniform 0.24;
    value nonuniform List<scalar> 29
(
  303.273
  303.536
  303.475
  303.44
  303.439
  303.449
  303.462
  303.481
  303.501
  303.522
  303.541
  303.56
  303.579
  303.596
  303.613
  303.63
  303.647
  303.666
  303.68
  303.721
  303.721
  303.626
  303.579
  303.551
  303.273
  303.536
  303.528
  303.346
  303.23
)
;
  }
  ceiling
  {
    type wallHeatTransfer;
    Tinf uniform 303.2;
    alphaWall uniform 0.24;
    value nonuniform List<scalar> 43
(
  299.79
  299.714
  299.702
  301.372
  302.19
  302.604
  302.835
  302.999
  303.117
  303.198
  303.255
  303.292
  303.316
  303.331
  303.34
  303.346
  303.35
  303.353
  303.356
  303.357
  303.359
  303.361
  303.363
  303.365
  303.367
  303.369
  303.371
  303.374
  303.376
  303.379
  303.381
  303.384
  303.387
  303.392
  303.398
  303.408
  303.417
  303.422
  303.422
  303.456
  304.889
  304.624
  297.797
)
;
  }
  sWall
  {
    type wallHeatTransfer;
    Tinf uniform 315.2;
    alphaWall uniform 0.36;
    value uniform 301.116;
  }
  nWall
  {
    type wallHeatTransfer;
    Tinf uniform 307.2;
    alphaWall uniform 0.36;
    value nonuniform List<scalar> 6
(
  304.017
  303.963
  303.881
  304.046
  304.024
  304.083
)
;
  }
  sideWalls
  {
    type empty;
  }
  glass1
  {
    type wallHeatTransfer;
    Tinf uniform 315.2;
    alphaWall uniform 4.3;
    value nonuniform List<scalar> 9
(
  311.494
  310.859
  310.458
  310.152
  309.897
  309.665
  309.484
  309.55
  309.772
)
;
  }
  glass2
  {
    type wallHeatTransfer;
    Tinf uniform 307.2;
    alphaWall uniform 4.3;
    value nonuniform List<scalar> 2
(
  305.742
  305.846
)
;
  }
  sun
  {
    type wallHeatTransfer;
    Tinf uniform 305.2;
    alphaWall uniform 0.24;
    value nonuniform List<scalar> 14
(
  303.585
  303.336
  303.321
  303.311
  303.301
  303.292
  303.283
  303.273
  303.261
  303.249
  303.239
  303.234
  303.237
  303.249
)
;
  }
  heatsource1
  {
    type fixedGradient;
    gradient uniform 0;
  }
  heatsource2
  {
    type fixedGradient;
    gradient uniform 0;
  }
  Table_master
  {
    type zeroGradient;
  }
  Table_slave
  {
    type zeroGradient;
  }
  inlet
  {
    type fixedValue;
    value uniform 293.15;
  }
  outlet
  {
    type zeroGradient;
  }
} 	// ************************************************************************* //

